Lizbeth Yessenia Paillacho Taipe
Filename : ../data/Saavedra2013/n12.txt
Numero de filas
7
Numero de columnas
73
Lizbeth Yessenia Paillacho taipe
Numero de filas
97
14
270
7
61
35
38
118
76
13
10
62
18
19
19
179
80
17
82
27
90
61
25
8
28
45
70
79
14
40
44
51
33
101
28
12
42
55
56
36
58
139
118
47
21
45
8
33
34
126
14
110
14
678
663
9
16
19
12
67
6
Numero de columnas
81
21
92
73
18
16
12
25
32
15
17
42
8
46
37
27
29
17
41
6
20
26
37
20
26
22
21
26
9
170
14
100
26
12
19
11
9
30
10
62
18
42
50
24
8
47
16
8
14
26
51
208
12
91
131
32
26
34
23
29
29
